# x,rho,u,p
-9.899999999999999911e-01 1.000000000000000000e+00 0.000000000000000000e+00 1.000000000000000000e+00
-9.699999999999999734e-01 1.000000000000000000e+00 0.000000000000000000e+00 1.000000000000000000e+00
-9.499999999999999556e-01 1.000000000000000000e+00 0.000000000000000000e+00 1.000000000000000000e+00
-9.299999999999999378e-01 1.000000000000000000e+00 0.000000000000000000e+00 1.000000000000000000e+00
-9.100000000000000311e-01 1.000000000000000000e+00 0.000000000000000000e+00 1.000000000000000000e+00
-8.900000000000000133e-01 1.000000000000000000e+00 0.000000000000000000e+00 1.000000000000000000e+00
-8.699999999999999956e-01 1.000000000000000000e+00 1.918438519091695831e-17 1.000000000000000000e+00
-8.499999999999999778e-01 1.000000000000000000e+00 1.859200745499672368e-16 1.000000000000000000e+00
-8.300000000000000711e-01 9.999999999999993339e-01 1.292741686825089531e-15 9.999999999999991118e-01
-8.100000000000000533e-01 9.999999999999961142e-01 6.967600052747453289e-15 9.999999999999942268e-01
-7.900000000000000355e-01 9.999999999999795719e-01 3.466766706895554587e-14 9.999999999999711342e-01
-7.700000000000000178e-01 9.999999999999004130e-01 1.668591853747106182e-13 9.999999999998603339e-01
-7.500000000000000000e-01 9.999999999995319300e-01 7.779820213360519854e-13 9.999999999993449684e-01
-7.299999999999999822e-01 9.999999999978761434e-01 3.511687934802685570e-12 9.999999999970270448e-01
-7.099999999999999645e-01 9.999999999906744597e-01 1.534411588678438083e-11 9.999999999869444434e-01
-6.899999999999999467e-01 9.999999999603760292e-01 6.485695710312112116e-11 9.999999999445270404e-01
-6.699999999999999289e-01 9.999999998372240961e-01 2.649906771786207391e-10 9.999999997721138456e-01
-6.499999999999999112e-01 9.999999993539779863e-01 1.045709773120441574e-09 9.999999990955689144e-01
-6.300000000000000044e-01 9.999999975251190332e-01 3.982176500696665280e-09 9.999999965351666908e-01
-6.099999999999999867e-01 9.999999908564172202e-01 1.462021445073383751e-08 9.999999871989841971e-01
-5.900000000000000799e-01 9.999999674531302452e-01 5.169825107861289097e-08 9.999999544343829427e-01
-5.700000000000000622e-01 9.999998884996535997e-01 1.758807440986164556e-07 9.999998438995123529e-01
-5.500000000000000444e-01 9.999996327814680841e-01 5.750092664505638729e-07 9.999994858940364217e-01
-5.300000000000000266e-01 9.999988387633901299e-01 1.804250109235038724e-06 9.999983742685720767e-01
-5.100000000000000089e-01 9.999964788481084943e-01 5.426090797783955241e-06 9.999950703859080692e-01
-4.899999999999999911e-01 9.999897768583865254e-01 1.561688013158906013e-05 9.999856875909581833e-01
-4.699999999999999734e-01 9.999716255317856461e-01 4.294428540301656235e-05 9.999602756727856701e-01
-4.499999999999999556e-01 9.999248452899431872e-01 1.126261772004794439e-04 9.998947829873319204e-01
-4.299999999999999933e-01 9.998104000444403283e-01 2.811532966723930558e-04 9.997345579704034479e-01
-4.100000000000000311e-01 9.995453605398277874e-01 6.666451393507134750e-04 9.993634962411496181e-01
-3.900000000000000133e-01 9.989661244362360026e-01 1.498025028100148344e-03 9.985525496431625347e-01
-3.699999999999999956e-01 9.977755435889387181e-01 3.182941264202023002e-03 9.968857441186429469e-01
-3.499999999999999778e-01 9.954822037910222576e-01 6.381118859664642283e-03 9.936754453289502464e-01
-3.299999999999999600e-01 9.913568588347944077e-01 1.204958283493853463e-02 9.879026098532986966e-01
-3.099999999999999423e-01 9.844477871369171629e-01 2.141040733756661985e-02 9.782424797990697529e-01
-2.899999999999999800e-01 9.736957511093602413e-01 3.580204701754163138e-02 9.632362240023146782e-01
-2.700000000000000178e-01 9.581512262753627551e-01 5.642657924527896135e-02 9.416151369085304923e-01
-2.500000000000000000e-01 9.372292006677894749e-01 8.407813016196966083e-02 9.126827331473671423e-01
-2.299999999999999822e-01 9.108851162512097144e-01 1.189742345103995125e-01 8.765761046870169659e-01
-2.099999999999999645e-01 8.796226161554904222e-01 1.607693560774784147e-01 8.342623210543844703e-01
-1.899999999999999467e-01 8.443306379489852187e-01 2.087282089955261599e-01 7.872655067971560117e-01
-1.699999999999999845e-01 8.060511659016611485e-01 2.619619727529862718e-01 7.372870190886436914e-01
-1.500000000000000222e-01 7.657696171411499941e-01 3.196286787772140703e-01 6.858812377987175690e-01
-1.300000000000000044e-01 7.243070989918315439e-01 3.810500979728969617e-01 6.342952686979183019e-01
-1.099999999999999867e-01 6.822693179631316163e-01 4.457632197516701589e-01 5.834255361603983836e-01
-8.999999999999996891e-02 6.400786419479107536e-01 5.135221291840367241e-01 5.338687183603817443e-01
-6.999999999999995115e-02 5.979629964317000335e-01 5.843172675709275010e-01 4.859620132687414995e-01
-4.999999999999998890e-02 5.560203657941031885e-01 6.583748654352076235e-01 4.398591644782769983e-01
-3.000000000000002665e-02 5.141419765727640590e-01 7.362687143394126554e-01 3.955243014652172762e-01
-1.000000000000000888e-02 4.720796600498829432e-01 8.188848610058991895e-01 3.528449663057892649e-01
1.000000000000000888e-02 4.294297524096213348e-01 9.061197924224129174e-01 3.122096201798438275e-01
3.000000000000002665e-02 4.183325303042285670e-01 9.285656633097258972e-01 3.025045820798616392e-01
5.000000000000004441e-02 4.150420744274405660e-01 9.311136974959102197e-01 3.013862034593655093e-01
7.000000000000006217e-02 4.111347207616993793e-01 9.305315321788073524e-01 3.015779384196306534e-01
9.000000000000007994e-02 4.038284702462106579e-01 9.304497656338053257e-01 3.015353920997563830e-01
1.100000000000000977e-01 3.922613243937716487e-01 9.306452731430961967e-01 3.013473796933366367e-01
1.300000000000001155e-01 3.763054156477634304e-01 9.310448739011302210e-01 3.010393026820932239e-01
1.500000000000000222e-01 3.569577967362280724e-01 9.314535838898795328e-01 3.006760922581201978e-01
1.699999999999999289e-01 3.361172182844051615e-01 9.315657737613877165e-01 3.003266341047947652e-01
1.899999999999999467e-01 3.159760379089845972e-01 9.309637676272698448e-01 3.000100327341865825e-01
2.099999999999999645e-01 2.983206922901296410e-01 9.291292869045101321e-01 2.996083993601846296e-01
2.299999999999999822e-01 2.840536443772061492e-01 9.253299412870329421e-01 2.987796810034079598e-01
2.500000000000000000e-01 2.730482653265933757e-01 9.182664488436069750e-01 2.968736953633654418e-01
2.700000000000000178e-01 2.642550448969177013e-01 9.054583557398514504e-01 2.928270039363850552e-01
2.900000000000000355e-01 2.559007803999709396e-01 8.824438981771142165e-01 2.850254136780219216e-01
3.100000000000000533e-01 2.456842155116623627e-01 8.418944639752176107e-01 2.712189572148289707e-01
3.300000000000000711e-01 2.310394744550947899e-01 7.728454759929390683e-01 2.487781366417398110e-01
3.500000000000000888e-01 2.098186636831356200e-01 6.609787362759064200e-01 2.159281871048097656e-01
3.700000000000001066e-01 1.822685151922542324e-01 4.945762025045433163e-01 1.750059240175780018e-01
3.900000000000001243e-01 1.545834670199627281e-01 2.905183655936120490e-01 1.366342337941172380e-01
4.100000000000000311e-01 1.362097329448904437e-01 1.217594804029309696e-01 1.131529845768479842e-01
4.299999999999999378e-01 1.283672546408964610e-01 3.827001108029780968e-02 1.038286777597162425e-01
4.499999999999999556e-01 1.259001618435906800e-01 1.038954583583269996e-02 1.010122951949184167e-01
4.699999999999999734e-01 1.252291196615861191e-01 2.660800600588119225e-03 1.002568827645448774e-01
4.899999999999999911e-01 1.250568276618467534e-01 6.624372602607660502e-04 1.000636637657699446e-01
5.100000000000000089e-01 1.250138090772568711e-01 1.615023706477927310e-04 1.000154671759760916e-01
5.300000000000000266e-01 1.250032888488421812e-01 3.859120917922804697e-05 1.000036835691292814e-01
5.500000000000000444e-01 1.250007670794087422e-01 9.031434206186654971e-06 1.000008591321852186e-01
5.700000000000000622e-01 1.250001750315923033e-01 2.067976765577740246e-06 1.000001960355565434e-01
5.900000000000000799e-01 1.250000390362324687e-01 4.628502966292414077e-07 1.000000437205891546e-01
6.100000000000000977e-01 1.250000085025542995e-01 1.011776529386277709e-07 1.000000095228611025e-01
6.300000000000001155e-01 1.250000018074963470e-01 2.158656905274585494e-08 1.000000020243960452e-01
6.500000000000001332e-01 1.250000003748230337e-01 4.492650040678502717e-09 1.000000004198018100e-01
6.700000000000000400e-01 1.250000000757917062e-01 9.117165777182013905e-10 1.000000000848868253e-01
6.899999999999999467e-01 1.250000000149394663e-01 1.803518106138922474e-10 1.000000000167322600e-01
7.099999999999999645e-01 1.250000000028699820e-01 3.476862306764692081e-11 1.000000000032143649e-01
7.299999999999999822e-01 1.250000000005371814e-01 6.531300736423534969e-12 1.000000000006017464e-01
7.500000000000000000e-01 1.250000000000979494e-01 1.195430307144318619e-12 1.000000000001097095e-01
7.700000000000000178e-01 1.250000000000173750e-01 2.130651229410421977e-13 1.000000000000195177e-01
7.900000000000000355e-01 1.250000000000029698e-01 3.695759601253823568e-14 1.000000000000033501e-01
8.100000000000000533e-01 1.250000000000004718e-01 6.134483141531993583e-15 1.000000000000005329e-01
8.300000000000000711e-01 1.250000000000000000e-01 8.891295400751188831e-16 1.000000000000000611e-01
8.500000000000000888e-01 1.250000000000000000e-01 7.674263614916407345e-17 1.000000000000000056e-01
8.700000000000001066e-01 1.250000000000000000e-01 0.000000000000000000e+00 1.000000000000000056e-01
8.900000000000001243e-01 1.250000000000000000e-01 0.000000000000000000e+00 1.000000000000000056e-01
9.100000000000000311e-01 1.250000000000000000e-01 0.000000000000000000e+00 1.000000000000000056e-01
9.299999999999999378e-01 1.250000000000000000e-01 0.000000000000000000e+00 1.000000000000000056e-01
9.499999999999999556e-01 1.250000000000000000e-01 0.000000000000000000e+00 1.000000000000000056e-01
9.699999999999999734e-01 1.250000000000000000e-01 0.000000000000000000e+00 1.000000000000000056e-01
9.899999999999999911e-01 1.250000000000000000e-01 0.000000000000000000e+00 1.000000000000000056e-01
