# x,rho,u,p
-9.899999999999999911e-01 1.000000000000000000e+00 0.000000000000000000e+00 1.000000000000000000e+00
-9.699999999999999734e-01 1.000000000000000000e+00 0.000000000000000000e+00 1.000000000000000000e+00
-9.499999999999999556e-01 1.000000000000000000e+00 0.000000000000000000e+00 1.000000000000000000e+00
-9.299999999999999378e-01 1.000000000000000000e+00 0.000000000000000000e+00 1.000000000000000000e+00
-9.100000000000000311e-01 1.000000000000000000e+00 0.000000000000000000e+00 1.000000000000000000e+00
-8.900000000000000133e-01 1.000000000000000000e+00 0.000000000000000000e+00 1.000000000000000000e+00
-8.699999999999999956e-01 1.000000000000000000e+00 0.000000000000000000e+00 1.000000000000000000e+00
-8.499999999999999778e-01 1.000000000000000000e+00 0.000000000000000000e+00 1.000000000000000000e+00
-8.300000000000000711e-01 1.000000000000000000e+00 0.000000000000000000e+00 1.000000000000000000e+00
-8.100000000000000533e-01 1.000000000000000000e+00 0.000000000000000000e+00 1.000000000000000000e+00
-7.900000000000000355e-01 1.000000000000000000e+00 1.437366884733748418e-17 1.000000000000000000e+00
-7.700000000000000178e-01 9.999999999999998890e-01 2.394190932662653346e-16 9.999999999999997780e-01
-7.500000000000000000e-01 9.999999999999990008e-01 1.865042670485144666e-15 9.999999999999985567e-01
-7.299999999999999822e-01 9.999999999999924505e-01 1.343856942670212071e-14 9.999999999999894529e-01
-7.099999999999999645e-01 9.999999999999474865e-01 9.161240989828129180e-14 9.999999999999266143e-01
-6.899999999999999467e-01 9.999999999996598277e-01 5.899375802321881086e-13 9.999999999995237143e-01
-6.699999999999999289e-01 9.999999999979138909e-01 3.592116999150385880e-12 9.999999999970796694e-01
-6.499999999999999112e-01 9.999999999879078949e-01 2.067844967238596146e-11 9.999999999830710973e-01
-6.300000000000000044e-01 9.999999999337190193e-01 1.125183129362054836e-10 9.999999999072064494e-01
-6.099999999999999867e-01 9.999999996565596128e-01 5.785669170258031715e-10 9.999999995191831692e-01
-5.900000000000000799e-01 9.999999983183248675e-01 2.810278053778428004e-09 9.999999976456548367e-01
-5.700000000000000622e-01 9.999999922220436099e-01 1.288844679068364623e-08 9.999999891108609651e-01
-5.500000000000000444e-01 9.999999660393423806e-01 5.577596633244917391e-08 9.999999524550785557e-01
-5.300000000000000266e-01 9.999998601139996612e-01 2.276000990139960961e-07 9.999998041595951070e-01
-5.100000000000000089e-01 9.999994568733878708e-01 8.749810978605925943e-07 9.999992396226775604e-01
-4.899999999999999911e-01 9.999980142160503904e-01 3.165770913392652374e-06 9.999972199016675667e-01
-4.699999999999999734e-01 9.999931708166462929e-01 1.076693189918703925e-05 9.999904391347003152e-01
-4.499999999999999556e-01 9.999779387489663440e-01 3.437376233010935514e-05 9.999691141685387308e-01
-4.299999999999999933e-01 9.999331592433479132e-01 1.028442639643438521e-04 9.999064223005191820e-01
-4.100000000000000311e-01 9.998104059010678446e-01 2.878354341083186395e-04 9.997345639110919446e-01
-3.900000000000000133e-01 9.994975459783288496e-01 7.519949169826723812e-04 9.992965397677170403e-01
-3.699999999999999956e-01 9.987587002785578427e-01 1.829854161497439669e-03 9.982620688862628988e-01
-3.499999999999999778e-01 9.971480999030892800e-01 4.137814861591246340e-03 9.960069691463603325e-01
-3.299999999999999600e-01 9.939203358859921567e-01 8.678146468224633842e-03 9.914878445797948858e-01
-3.099999999999999423e-01 9.879958969725434192e-01 1.685986491336043461e-02 9.831962215850903464e-01
-2.899999999999999800e-01 9.780647672223695688e-01 3.034496044359796807e-02 9.693127785058819335e-01
-2.700000000000000178e-01 9.628732165108452312e-01 5.069377630919801730e-02 9.481319848378024773e-01
-2.500000000000000000e-01 9.416195760761695288e-01 7.892724472785717094e-02 9.186530135554805687e-01
-2.299999999999999822e-01 9.142561515074367762e-01 1.152341744729668688e-01 8.810306454140831578e-01
-2.099999999999999645e-01 8.815093747964835025e-01 1.589967781145562309e-01 8.365862155827599178e-01
-1.899999999999999467e-01 8.446017793741078528e-01 2.090984805837557692e-01 7.873492450533517983e-01
-1.699999999999999845e-01 8.048729070537744557e-01 2.643152000625393350e-01 7.354464314472597408e-01
-1.500000000000000222e-01 7.634793977210081461e-01 3.236018215568345346e-01 6.826499943198844900e-01
-1.300000000000000044e-01 7.212891387399917864e-01 3.862118911888613448e-01 6.302336408377053889e-01
-1.099999999999999867e-01 6.788624322481020545e-01 4.517148976782967562e-01 5.789993253580685284e-01
-8.999999999999996891e-02 6.365386362310057056e-01 5.199584347463732659e-01 5.294033685153528568e-01
-6.999999999999995115e-02 5.944259370358950800e-01 5.910868567037810273e-01 4.816205513669723492e-01
-4.999999999999998890e-02 5.524878161060203796e-01 6.655622075807383631e-01 4.356321328085009381e-01
-3.000000000000002665e-02 5.103626587536812531e-01 7.444644769353305769e-01 3.911352087957489787e-01
-1.000000000000000888e-02 4.671952235953644172e-01 8.301049539989742154e-01 3.474143984272882735e-01
1.000000000000000888e-02 4.185463308659720383e-01 9.310659204075381057e-01 3.014042488044168522e-01
3.000000000000002665e-02 4.193780570021643506e-01 9.269054490207441210e-01 3.031533766713416789e-01
5.000000000000004441e-02 4.159779464640439017e-01 9.303259964450970587e-01 3.016573877101163537e-01
7.000000000000006217e-02 4.125853824773308975e-01 9.297572157191243969e-01 3.018386295823669574e-01
9.000000000000007994e-02 4.059709920529386284e-01 9.297572509303287935e-01 3.017559081256040998e-01
1.100000000000000977e-01 3.951183545936177155e-01 9.300055687337537291e-01 3.015406062309947122e-01
1.300000000000001155e-01 3.795948607752071546e-01 9.304856723195216173e-01 3.012007067857176978e-01
1.500000000000000222e-01 3.601924519729449159e-01 9.310325223817383922e-01 3.008085212749826987e-01
1.699999999999999289e-01 3.388266608768529253e-01 9.313807084855848517e-01 3.004614154110828439e-01
1.899999999999999467e-01 3.179294603974570088e-01 9.311797092452169800e-01 3.002368334881946321e-01
2.099999999999999645e-01 2.996222769838426392e-01 9.300674913075731576e-01 3.001015395001757624e-01
2.299999999999999822e-01 2.850907250252008862e-01 9.276239397660983599e-01 2.998197930088083440e-01
2.500000000000000000e-01 2.743580967661919390e-01 9.230145373110194562e-01 2.988587617845775424e-01
2.700000000000000178e-01 2.663737395673309027e-01 9.142039260403843626e-01 2.962267597695684707e-01
2.900000000000000355e-01 2.591743182205974994e-01 8.966928922643481181e-01 2.901559601562397894e-01
3.100000000000000533e-01 2.499162742951699656e-01 8.616670129146981605e-01 2.776421443655255894e-01
3.300000000000000711e-01 2.348242953831831958e-01 7.934138309749966256e-01 2.542110505915052276e-01
3.500000000000000888e-01 2.098343011830182125e-01 6.669584467431883823e-01 2.154414437098939317e-01
3.700000000000001066e-01 1.753746173373932071e-01 4.583846768730190924e-01 1.649842124349957806e-01
3.900000000000001243e-01 1.449588254075289129e-01 2.136398820622542050e-01 1.240873873574185327e-01
4.100000000000000311e-01 1.303998195894217060e-01 6.293290382612844180e-02 1.061956042318543680e-01
4.299999999999999378e-01 1.261835686801461298e-01 1.413778840074218605e-02 1.013327878723517539e-01
4.499999999999999556e-01 1.252394575740505556e-01 2.882428330024405620e-03 1.002684883958630396e-01
4.699999999999999734e-01 1.250467544775770989e-01 5.651955486083621878e-04 1.000523764836429574e-01
4.899999999999999911e-01 1.250088821429580499e-01 1.077829923789725011e-04 1.000099484229420854e-01
5.100000000000000089e-01 1.250016407060741130e-01 1.998881236409809521e-05 1.000018376055832742e-01
5.300000000000000266e-01 1.250002939935855872e-01 3.596808025944870137e-06 1.000003292733031984e-01
5.500000000000000444e-01 1.250000509726071629e-01 6.263640473396974496e-07 1.000000570893350565e-01
5.700000000000000622e-01 1.250000085307962638e-01 1.053070066039457409e-07 1.000000095544922585e-01
5.900000000000000799e-01 1.250000013751520200e-01 1.705465214788980632e-08 1.000000015401702330e-01
6.100000000000000977e-01 1.250000002130932653e-01 2.655304690037143023e-09 1.000000002386643994e-01
6.300000000000001155e-01 1.250000000316872084e-01 3.967280165693701564e-10 1.000000000354896307e-01
6.500000000000001332e-01 1.250000000045145276e-01 5.679110933481846418e-11 1.000000000050562388e-01
6.700000000000000400e-01 1.250000000006153134e-01 7.777579409707762308e-12 1.000000000006891349e-01
6.899999999999999467e-01 1.250000000000801859e-01 1.017529048865169858e-12 1.000000000000897532e-01
7.099999999999999645e-01 1.250000000000099643e-01 1.269874090561837620e-13 1.000000000000111217e-01
7.299999999999999822e-01 1.250000000000011657e-01 1.498479898113821924e-14 1.000000000000013101e-01
7.500000000000000000e-01 1.250000000000001110e-01 1.649038664258657624e-15 1.000000000000001305e-01
7.700000000000000178e-01 1.250000000000000000e-01 1.191840271857003229e-16 1.000000000000000056e-01
7.900000000000000355e-01 1.250000000000000000e-01 0.000000000000000000e+00 1.000000000000000056e-01
8.100000000000000533e-01 1.250000000000000000e-01 0.000000000000000000e+00 1.000000000000000056e-01
8.300000000000000711e-01 1.250000000000000000e-01 0.000000000000000000e+00 1.000000000000000056e-01
8.500000000000000888e-01 1.250000000000000000e-01 0.000000000000000000e+00 1.000000000000000056e-01
8.700000000000001066e-01 1.250000000000000000e-01 0.000000000000000000e+00 1.000000000000000056e-01
8.900000000000001243e-01 1.250000000000000000e-01 0.000000000000000000e+00 1.000000000000000056e-01
9.100000000000000311e-01 1.250000000000000000e-01 0.000000000000000000e+00 1.000000000000000056e-01
9.299999999999999378e-01 1.250000000000000000e-01 0.000000000000000000e+00 1.000000000000000056e-01
9.499999999999999556e-01 1.250000000000000000e-01 0.000000000000000000e+00 1.000000000000000056e-01
9.699999999999999734e-01 1.250000000000000000e-01 0.000000000000000000e+00 1.000000000000000056e-01
9.899999999999999911e-01 1.250000000000000000e-01 0.000000000000000000e+00 1.000000000000000056e-01
