# x,rho,u,p
-9.899999999999999911e-01 1.000000000000000000e+00 0.000000000000000000e+00 1.000000000000000000e+00
-9.699999999999999734e-01 1.000000000000000000e+00 0.000000000000000000e+00 1.000000000000000000e+00
-9.499999999999999556e-01 1.000000000000000000e+00 0.000000000000000000e+00 1.000000000000000000e+00
-9.299999999999999378e-01 1.000000000000000000e+00 0.000000000000000000e+00 1.000000000000000000e+00
-9.100000000000000311e-01 1.000000000000000000e+00 0.000000000000000000e+00 1.000000000000000000e+00
-8.900000000000000133e-01 1.000000000000000000e+00 0.000000000000000000e+00 1.000000000000000000e+00
-8.699999999999999956e-01 1.000000000000000000e+00 0.000000000000000000e+00 1.000000000000000000e+00
-8.499999999999999778e-01 1.000000000000000000e+00 0.000000000000000000e+00 1.000000000000000000e+00
-8.300000000000000711e-01 1.000000000000000000e+00 0.000000000000000000e+00 1.000000000000000000e+00
-8.100000000000000533e-01 1.000000000000000000e+00 0.000000000000000000e+00 1.000000000000000000e+00
-7.900000000000000355e-01 1.000000000000000000e+00 0.000000000000000000e+00 1.000000000000000000e+00
-7.700000000000000178e-01 1.000000000000000000e+00 0.000000000000000000e+00 1.000000000000000000e+00
-7.500000000000000000e-01 1.000000000000000000e+00 0.000000000000000000e+00 1.000000000000000000e+00
-7.299999999999999822e-01 1.000000000000000000e+00 0.000000000000000000e+00 1.000000000000000000e+00
-7.099999999999999645e-01 1.000000000000000000e+00 0.000000000000000000e+00 1.000000000000000000e+00
-6.899999999999999467e-01 1.000000000000000000e+00 0.000000000000000000e+00 1.000000000000000000e+00
-6.699999999999999289e-01 1.000000000000000000e+00 0.000000000000000000e+00 1.000000000000000000e+00
-6.499999999999999112e-01 1.000000000000000000e+00 0.000000000000000000e+00 1.000000000000000000e+00
-6.300000000000000044e-01 1.000000000000000000e+00 0.000000000000000000e+00 1.000000000000000000e+00
-6.099999999999999867e-01 1.000000000000000000e+00 0.000000000000000000e+00 1.000000000000000000e+00
-5.900000000000000799e-01 1.000000000000000000e+00 0.000000000000000000e+00 1.000000000000000000e+00
-5.700000000000000622e-01 1.000000000000000000e+00 0.000000000000000000e+00 1.000000000000000000e+00
-5.500000000000000444e-01 1.000000000000000000e+00 0.000000000000000000e+00 1.000000000000000000e+00
-5.300000000000000266e-01 1.000000000000000000e+00 0.000000000000000000e+00 1.000000000000000000e+00
-5.100000000000000089e-01 1.000000000000000000e+00 0.000000000000000000e+00 1.000000000000000000e+00
-4.899999999999999911e-01 1.000000000000000000e+00 0.000000000000000000e+00 1.000000000000000000e+00
-4.699999999999999734e-01 9.999999963592198782e-01 4.307829059444666870e-09 9.999999949029078072e-01
-4.499999999999999556e-01 9.999998873325731674e-01 1.333098668181231942e-07 9.999998422656346531e-01
-4.299999999999999933e-01 9.999984042496538050e-01 1.888114120685499053e-06 9.999977659536756214e-01
-4.100000000000000311e-01 9.999860222665244436e-01 1.653855391663150589e-05 9.999804313993023719e-01
-3.900000000000000133e-01 9.999142119635090475e-01 1.015037057715408400e-04 9.998799032462422076e-01
-3.699999999999999956e-01 9.996048685816971702e-01 4.675160542519627999e-04 9.994469271523545029e-01
-3.499999999999999778e-01 9.985728344269584333e-01 1.688812086029584537e-03 9.980031883636889534e-01
-3.299999999999999600e-01 9.958260041840132359e-01 4.941900159018797201e-03 9.941654929772822946e-01
-3.099999999999999423e-01 9.898466967914906212e-01 1.203954217681338368e-02 9.858335214572946370e-01
-2.899999999999999800e-01 9.789375914147627755e-01 2.505614515827206748e-02 9.707025805069071644e-01
-2.700000000000000178e-01 9.618154388347375239e-01 4.568076139628991783e-02 9.471254536067490459e-01
-2.500000000000000000e-01 9.380612541757276102e-01 7.472367908887637966e-02 9.147458033590446513e-01
-2.299999999999999822e-01 9.081565715578520104e-01 1.120560180733713024e-01 8.745098685852980003e-01
-2.099999999999999645e-01 8.731876419030352166e-01 1.568911234181650516e-01 8.281925164152015295e-01
-1.899999999999999467e-01 8.344727745691273846e-01 2.081484222705491383e-01 7.778285819088317510e-01
-1.699999999999999845e-01 7.932899747278064906e-01 2.647239431555961642e-01 7.253126685617377056e-01
-1.500000000000000222e-01 7.507428036216505784e-01 3.256284359771403070e-01 6.722149588523332886e-01
-1.300000000000000044e-01 7.077278782045253180e-01 3.900252597731729276e-01 6.197493314918859353e-01
-1.099999999999999867e-01 6.649561681201637819e-01 4.572099263698951588e-01 5.688183346586288547e-01
-8.999999999999996891e-02 6.230030582175724030e-01 5.265574063795582793e-01 5.200851962777303106e-01
-6.999999999999995115e-02 5.823295757942260620e-01 5.974451253630495007e-01 4.740522929019821419e-01
-4.999999999999998890e-02 5.434486158485509755e-01 6.691389117885038207e-01 4.311379241945926810e-01
-3.000000000000002665e-02 5.068359083001108267e-01 7.405874998352527383e-01 3.917733284413363881e-01
-1.000000000000000888e-02 4.731036043135453673e-01 8.100143792593264003e-01 3.565625405259053027e-01
1.000000000000000888e-02 4.435510973610088392e-01 8.738559528215237293e-01 3.266636702114156243e-01
3.000000000000002665e-02 4.217203129611963863e-01 9.227806086150622811e-01 3.052713917880802708e-01
5.000000000000004441e-02 4.162862545518434265e-01 9.339524091556077323e-01 3.005818633642723947e-01
7.000000000000006217e-02 4.158673090430926034e-01 9.331120879984530214e-01 3.009614516147195440e-01
9.000000000000007994e-02 4.147868776920361489e-01 9.313805205167423606e-01 3.017213077675553468e-01
1.100000000000000977e-01 4.100643653128304700e-01 9.302581858122294101e-01 3.022314438720246632e-01
1.300000000000001155e-01 3.988721279430080258e-01 9.296628237659397831e-01 3.025219314737855325e-01
1.500000000000000222e-01 3.798390230912808696e-01 9.293031751759558423e-01 3.027076729003347344e-01
1.699999999999999289e-01 3.544773257065833016e-01 9.290399322320007647e-01 3.028354835616969831e-01
1.899999999999999467e-01 3.270328764503651620e-01 9.288154500981403716e-01 3.029128096164943051e-01
2.099999999999999645e-01 3.025048793069298192e-01 9.285620110883499034e-01 3.029426372866337314e-01
2.299999999999999822e-01 2.842778443912929998e-01 9.282079531867176714e-01 3.029181027557517614e-01
2.500000000000000000e-01 2.730351336056044964e-01 9.276908362778593098e-01 3.028199150387172467e-01
2.700000000000000178e-01 2.673447569524484146e-01 9.269315280272579782e-01 3.026303443799652770e-01
2.900000000000000355e-01 2.649777524340599100e-01 9.256133690055000640e-01 3.022463974895931438e-01
3.100000000000000533e-01 2.632558142084717168e-01 9.195942236029329697e-01 3.002797025681429033e-01
3.300000000000000711e-01 2.530423028911149008e-01 8.693760812443352970e-01 2.839924988906774583e-01
3.500000000000000888e-01 2.079371657156380560e-01 6.265858461086917242e-01 2.149920820691243739e-01
3.700000000000001066e-01 1.492666518720748292e-01 2.145280732331803775e-01 1.311887705429080342e-01
3.900000000000001243e-01 1.278517082122458126e-01 2.489307598984110553e-02 1.033031503280235769e-01
4.100000000000000311e-01 1.251816359547893998e-01 1.542005424791781983e-03 1.002039453261356072e-01
4.299999999999999378e-01 1.250086978734583076e-01 7.365176774019601910e-05 1.000097429992369003e-01
4.499999999999999556e-01 1.250002954954036460e-01 2.501802348673055731e-06 1.000003309568777005e-01
4.699999999999999734e-01 1.250000052141873874e-01 4.414542682181404279e-08 1.000000058398907710e-01
4.899999999999999911e-01 1.250000000000000000e-01 0.000000000000000000e+00 1.000000000000000056e-01
5.100000000000000089e-01 1.250000000000000000e-01 0.000000000000000000e+00 1.000000000000000056e-01
5.300000000000000266e-01 1.250000000000000000e-01 0.000000000000000000e+00 1.000000000000000056e-01
5.500000000000000444e-01 1.250000000000000000e-01 0.000000000000000000e+00 1.000000000000000056e-01
5.700000000000000622e-01 1.250000000000000000e-01 0.000000000000000000e+00 1.000000000000000056e-01
5.900000000000000799e-01 1.250000000000000000e-01 0.000000000000000000e+00 1.000000000000000056e-01
6.100000000000000977e-01 1.250000000000000000e-01 0.000000000000000000e+00 1.000000000000000056e-01
6.300000000000001155e-01 1.250000000000000000e-01 0.000000000000000000e+00 1.000000000000000056e-01
6.500000000000001332e-01 1.250000000000000000e-01 0.000000000000000000e+00 1.000000000000000056e-01
6.700000000000000400e-01 1.250000000000000000e-01 0.000000000000000000e+00 1.000000000000000056e-01
6.899999999999999467e-01 1.250000000000000000e-01 0.000000000000000000e+00 1.000000000000000056e-01
7.099999999999999645e-01 1.250000000000000000e-01 0.000000000000000000e+00 1.000000000000000056e-01
7.299999999999999822e-01 1.250000000000000000e-01 0.000000000000000000e+00 1.000000000000000056e-01
7.500000000000000000e-01 1.250000000000000000e-01 0.000000000000000000e+00 1.000000000000000056e-01
7.700000000000000178e-01 1.250000000000000000e-01 0.000000000000000000e+00 1.000000000000000056e-01
7.900000000000000355e-01 1.250000000000000000e-01 0.000000000000000000e+00 1.000000000000000056e-01
8.100000000000000533e-01 1.250000000000000000e-01 0.000000000000000000e+00 1.000000000000000056e-01
8.300000000000000711e-01 1.250000000000000000e-01 0.000000000000000000e+00 1.000000000000000056e-01
8.500000000000000888e-01 1.250000000000000000e-01 0.000000000000000000e+00 1.000000000000000056e-01
8.700000000000001066e-01 1.250000000000000000e-01 0.000000000000000000e+00 1.000000000000000056e-01
8.900000000000001243e-01 1.250000000000000000e-01 0.000000000000000000e+00 1.000000000000000056e-01
9.100000000000000311e-01 1.250000000000000000e-01 0.000000000000000000e+00 1.000000000000000056e-01
9.299999999999999378e-01 1.250000000000000000e-01 0.000000000000000000e+00 1.000000000000000056e-01
9.499999999999999556e-01 1.250000000000000000e-01 0.000000000000000000e+00 1.000000000000000056e-01
9.699999999999999734e-01 1.250000000000000000e-01 0.000000000000000000e+00 1.000000000000000056e-01
9.899999999999999911e-01 1.250000000000000000e-01 0.000000000000000000e+00 1.000000000000000056e-01
